size(400,400)

fill(30,60,120)
rect(1,1,400,260)

fill(40,80,160)
rect(1,75,300,200)

fill(60,120,200)
triangle(399,130,399,260,1,260)

fill(50,140,130)
quad(399,260,399,330,270,330,230,260)

fill(90,150,210)
quad(66,260,66,255,190,250,190,260)

fill(60,100,140)
quad(1,260,66,260,80,240,1,235)

fill(50,125,120)
rect(1,260,80,60)

fill(20,75,100)
rect(100,260,200,60)

fill(20,150,100)
rect(100,320,300,80)

fill(25,112,80)
rect(1,320,90,90)

fill(15,15,60)
quad(399,220,399,190,369,193,270,260)

fill(100,149,237)
quad(399,220,399,260,260,260,300,230)

fill(44,56,143)
triangle(195,240,175,260,215,260)

fill(63,87,174)
quad (300,230,275,220,195,260,260,260)

fill(0,30,0)
triangle(195,399,89,399,142,210)

fill(0,30,0)
triangle(89,20,89,399,130,399)

fill(0,30,0)
triangle(125,210,135,399,100,399)

fill(0,30,0)
quad(125,399,89,399,60,330,80,133)

fill(0,30,0)
quad(190,320,155,399,220,399)

fill(255,255,180)
ellipse(360,60,80,80)

fill(255,255,120)
ellipse(360,60,60,60)

fill(255,255,180)
ellipse(369,55,40,40)

fill(255,255,210)
ellipse(275,100,40,40)

fill(255,255,120)
ellipse(275,100,10,10)

fill(255,255,165)
ellipse(240,60,40,40)

fill(255,255,110)
ellipse(240,60,15,15)

fill(255,255,175)
ellipse(160,35,20,20)

fill(255,255,210)
ellipse(140,25,25,25)

fill(255,255,165)
ellipse(140,25,10,10)

fill(255,255,120)
ellipse(138,130,20,20)

fill(255,255,225)
ellipse(180,205,60,60)

fill(255,255,100)
ellipse(180,205,15,15)

fill(255,255,45)
ellipse(120,67,40,40)

fill(255,225,0)
ellipse(95,10,10,10)

fill(255,255,225)
ellipse(50,30,50,50)

fill(255,255,0)
ellipse(50,30,20,20)

fill(255,255,225)
ellipse(55,200,30,30)

fill(255,255,240)
ellipse(20,175,20,20)

fill(100,149,237)
triangle(250,220,245,280,255,280)

fill(180,230,250)
rect(245,280,10,20)

fill(190,225,245)
triangle(235,280,255,305,220,305)

fill(140,195,240)
triangle(245,285,255,295,235,295)

fill(140,195,240)
rect(235,295,20,15)

fill(75,75,120)
quad(255,310,275,310,270,325,250,325)

fill(80,80,125)
triangle(275,310,270,325,280,325)

fill(70,80,100)
rect(250,325,20,15)

fill(65,75,95)
rect(270,325,9,15)

fill(150,150,170)
rect(275,350,50,45)

fill(55,65,85)
quad(275,350,325,350,317,375,267,375)

fill(140,140,160)
quad(310,365,365,365,350,390,295,390)

fill(150,150,190)
rect(295,390,55,10)

fill(140,140,160)
triangle(365,365,350,390,370,390)

fill(150,150,190)
rect(350,390,19,10)
